   1    6
   2    7
   3    8
   4   10
   5   12
   6   13
   7   14
   8   15
   9   16
  10   17
  11   18
  12   19
  13   20
  14   21
  15   23
  16   24
  17   25
  18   26
  19   27
  20   28
  21   35
  22   37
  23   52
  24   53
  25   54
  26   55
  27   56
  28   58
  29   59
  30   60
  31   62
  32   63
  33   64
  34   65
  35   66
  36   68
  37   69
  38   71
  39   72
  40   73
  41   74
  42   75
  43   76
  44   85
  45   86
  46   87
  47   89
  48   90
  49   91
  50   92
  51   93
  52   94
  53   95
  54   96
  55   97
  56   98
  57   99
  58  100
  59  101
  60  102
  61  103
  62  104
  63  108
  64  109
  65  111
  66  112
  67  113
  68  114
  69  115
  70  116
  71  118
  72  121
  73  122
  74  124
  75  126
  76  127
  77  128
  78  129
  79  130
  80  133
  81  134
  82  136
  83  137
  84  138
  85  139
  86  140
  87  141
  88  142
  89  143
  90  144
  91  145
  92  146
  93  147
  94  148
  95  149
  96  150
  97  151
  98  152
  99  153
 100  154
 101  157
 102  158
 103  160
 104  163
 105  164
 106  166
 107  167
 108  168
 109  169
 110  170
 111  172
 112  173
 113  174
 114  175
 115  176
 116  177
 117  178
 118  179
 119  181
 120  182
 121  183
 122  184
 123  187
 124  190
 125  191
 126  193
 127  194
 128  196
 129  197
 130  198
 131  199
 132  200
 133  202
 134  203
 135  205
 136  206
 137  208
 138  209
 139  211
 140  212
 141  213
 142  214
 143  215
 144  216
 145  217
 146  218
 147  219
 148  220
 149  222
 150  223
 151  226
 152  227
 153  228
 154  229
 155  230
 156  232
 157  235
 158  236
 159  237
 160  246
 161  247
 162  248
 163  250
 164  251
 165  252
 166  253
 167  254
 168  255
 169  256
 170  257
 171  258
 172  259
 173  260
 174  261
 175  263
 176  264
 177  265
 178  267
 179  268
 180  269
 181  270
 182  271
 183  272
 184  273
 185  274
 186  275
 187  276
 188  277
 189  278
 190  279
 191  282
 192  284
 193  285
 194  286
 195  288
 196  289
 197  290
 198  291
 199  293
 200  294
 201  295
 202  296
 203  297
 204  298
 205  300
 206  301
 207  302
 208  303
 209  306
 210  307
 211  309
 212  312
 213  313
 214  314
 215  315
 216  318
 217  321
 218  322
 219  323
 220  325
 221  327
 222  328
 223  329
 224  330
 225  331
 226  332
 227  333
 228  334
 229  335
 230  336
 231  337
 232  338
 233  339
 234  340
 235  341
 236  346
 237  347
 238  348
 239  349
 240  350
 241  351
 242  352
 243  354
 244  357
 245  360
 246  361
 247  362
 248  363
 249  364
 250  366
 251  367
 252  368
 253  369
 254  370
 255  371
 256  372
 257  374
 258  375
 259  376
 260  378
 261  379
 262  380
 263  381
 264  382
 265  383
 266  384
 267  390
 268  393
 269  394
 270  395
 271  396
 272  397
 273  398
 274  399
 275  400
 276  402
 277  403
 278  404
 279  405
 280  406
 281  407
 282  408
 283  410
 284  411
 285  413
 286  414
 287  415
 288  416
 289  417
 290  418
 291  420
 292  422
 293  423
 294  424
 295  425
 296  426
 297  428
 298  429
 299  430
 300  432
 301  433
 302  434
 303  435
 304  436
 305  437
 306  438
 307  439
 308  440
 309  441
 310  442
 311  443
 312  444
 313  445
 314  446
 315  447
 316  448
 317  449
 318  450
 319  451
 320  453
 321  455
 322  456
 323  457
 324  459
 325  460
 326  461
 327  462
 328  465
 329  466
 330  468
 331  469
 332  470
 333  471
 334  472
 335  474
 336  475
 337  476
 338  477
 339  478
 340  479
 341  480
 342  482
 343  483
 344  484
 345  485
 346  486
 347  487
 348  488
 349  489
 350  490
 351  491
 352  492
 353  493
 354  494
 355  495
 356  497
 357  498
 358  499
 359  500
 360  501
 361  502
 362  503
 363  504
 364  505
 365  506
 366  507
 367  510
 368  511
 369  512
 370  513
 371  515
 372  516
 373  517
 374  518
 375  519
 376  520
 377  522
 378  525
 379  526
 380  527
 381  528
 382  529
 383  530
 384  531
 385  532
 386  533
 387  534
 388  535
 389  536
 390  537
 391  538
 392  539
 393  540
 394  541
 395  542
 396  543
 397  544
 398  545
 399  546
 400  549
 401  551
 402  552
 403  554
 404  555
 405  557
 406  558
 407  559
 408  561
 409  562
 410  563
 411  564
 412  568
 413  570
 414  571
 415  572
 416  573
 417  574
 418  575
 419  576
 420  577
 421  578
 422  579
 423  580
 424  581
 425  582
 426  583
 427  584
 428  585
 429  586
 430  587
 431  588
 432  591
 433  594
 434  595
 435  596
 436  597
 437  598
 438  599
 439  600
 440  601
 441  602
 442  603
 443  604
 444  605
 445  606
 446  607
 447  608
 448  609
 449  610
 450  611
 451  612
 452  613
 453  614
 454  615
 455  618
 456  619
 457  620
 458  621
 459  622
 460  623
 461  624
 462  625
 463  626
 464  627
 465  628
 466  629
 467  630
 468  633
 469  634
 470  635
 471  636
 472  637
 473  639
 474  640
 475  641
 476  642
 477  643
 478  645
 479  651
 480  652
 481  654
 482  657
 483  660
 484  661
 485  663
 486  664
 487  665
 488  666
 489  667
 490  668
 491  669
 492  670
 493  671
 494  672
 495  673
 496  674
 497  675
 498  676
 499  677
 500  678
 501  681
 502  682
 503  683
 504  684
 505  685
 506  686
 507  687
 508  688
 509  690
 510  692
 511  693
 512  694
 513  695
 514  696
 515  697
 516  698
 517  699
 518  700
 519  701
 520  702
 521  703
 522  704
 523  705
 524  706
 525  707
 526  708
 527  709
 528  710
 529  711
 530  712
 531  713
 532  714
 533  715
 534  716
 535  717
 536  718
 537  720
 538  721
 539  722
 540  723
 541  724
 542  726
 543  727
 544  728
 545  731
 546  732
 547  733
 548  734
 549  735
 550  736
 551  737
 552  738
 553  739
 554  740
 555  741
 556  742
 557  743
 558  744
 559  745
 560  747
 561  748
 562  749
 563  750
 564  752
 565  753
 566  754
 567  755
 568  756
 569  759
 570  761
 571  762
 572  763
 573  765
 574  768
 575  769
 576  771
 577  772
 578  773
 579  774
 580  775
 581  777
 582  779
 583  780
 584  782
 585  783
 586  784
 587  785
 588  786
 589  787
 590  788
 591  789
 592  790
 593  792
 594  795
 595  796
 596  798
 597  799
 598  800
 599  801
 600  802
 601  803
 602  804
 603  806
 604  807
 605  811
 606  813
 607  814
 608  816
 609  817
 610  820
 611  822
 612  825
 613  826
 614  827
 615  828
 616  829
 617  831
 618  832
 619  833
 620  834
 621  835
 622  837
 623  838
 624  839
 625  840
 626  841
 627  843
 628  844
 629  845
 630  846
 631  847
 632  848
 633  849
 634  851
 635  852
 636  855
 637  858
 638  859
 639  861
 640  862
 641  864
 642  866
 643  867
 644  870
 645  871
 646  872
 647  873
 648  874
 649  875
 650  877
 651  878
 652  879
 653  880
 654  881
 655  882
 656  883
 657  884
 658  885
 659  886
 660  888
 661  889
 662  890
 663  891
 664  892
 665  893
 666  894
 667  895
 668  896
 669  897
 670  898
 671  899
 672  900
 673  901
 674  902
 675  903
 676  904
 677  905
 678  906
 679  907
 680  908
 681  909
 682  912
 683  913
 684  915
 685  917
 686  918
 687  919
 688  920
 689  921
 690  922
 691  923
 692  924
 693  925
 694  926
 695  927
 696  928
 697  929
 698  930
 699  931
 700  932
 701  933
 702  934
 703  935
 704  936
 705  937
 706  938
 707  939
 708  942
 709  943
 710  944
 711  945
 712  946
 713  947
 714  948
 715  949
 716  950
 717  951
 718  954
 719  955
 720  956
 721  957
 722  960
 723  961
 724  962
 725  963
 726  964
 727  965
 728  966
 729  969
 730  970
 731  971
 732  972
 733  973
 734  975
 735  976
 736  977
 737  978
 738  979
 739  980
 740  981
 741  982
 742  983
 743  984
 744  985
 745  986
 746  987
 747  990
 748  993
 749  996
 750  999
 751 1000
 752 1002
 753 1003
 754 1004
 755 1005
 756 1006
 757 1007
 758 1008
 759 1009
 760 1010
 761 1011
 762 1012
 763 1014
 764 1015
 765 1016
 766 1017
 767 1020
 768 1021
 769 1022
 770 1023
 771 1026
 772 1028
 773 1029
 774 1031
 775 1032
 776 1035
 777 1036
 778 1038
 779 1039
 780 1040
 781 1041
 782 1042
 783 1043
 784 1044
 785 1046
 786 1047
 787 1049
 788 1050
 789 1051
 790 1053
 791 1054
 792 1055
 793 1056
 794 1057
 795 1059
 796 1061
 797 1062
 798 1064
 799 1065
 800 1068
 801 1069
 802 1071
 803 1072
 804 1074
 805 1077
 806 1078
 807 1079
 808 1080
 809 1083
 810 1084
 811 1085
 812 1086
 813 1088
 814 1089
 815 1090
 816 1091
 817 1092
 818 1094
 819 1095
 820 1102
 821 1103
 822 1104
 823 1107
 824 1110
 825 1111
 826 1112
 827 1113
 828 1116
 829 1119
 830 1122
 831 1125
 832 1128
 833 1131
 834 1134
 835 1137
 836 1140
 837 1141
 838 1142
 839 1143
 840 1146
 841 1150
 842 1151
 843 1152
 844 1155
 845 1156
 846 1158
 847 1159
 848 1161
 849 1163
 850 1164
 851 1167
 852 1173
 853 1176
 854 1178
 855 1179
 856 1180
 857 1181
 858 1182
 859 1185
 860 1186
 861 1187
 862 1188
 863 1191
 864 1192
 865 1193
 866 1194
 867 1195
 868 1197
 869 1200
 870 1201
 871 1202
 872 1203
 873 1206
 874 1207
 875 1208
 876 1209
 877 1211
 878 1212
 879 1213
 880 1215
 881 1216
 882 1218
 883 1219
 884 1220
 885 1221
 886 1222
 887 1223
 888 1224
 889 1225
 890 1226
 891 1227
 892 1229
 893 1230
 894 1233
 895 1234
 896 1235
 897 1236
 898 1239
 899 1240
 900 1242
 901 1243
 902 1245
 903 1246
 904 1247
 905 1248
 906 1249
 907 1251
 908 1253
 909 1254
 910 1255
 911 1256
 912 1257
 913 1260
 914 1261
 915 1263
 916 1266
 917 1267
 918 1268
 919 1269
 920 1270
 921 1272
 922 1273
 923 1275
 924 1277
 925 1278
 926 1281
 927 1283
 928 1284
 929 1287
 930 1288
 931 1289
 932 1290
 933 1291
 934 1293
 935 1295
 936 1296
 937 1297
 938 1298
 939 1299
 940 1300
 941 1301
 942 1302
 943 1303
 944 1305
 945 1307
 946 1308
 947 1309
 948 1310
 949 1311
 950 1314
 951 1317
 952 1318
 953 1319
 954 1320
 955 1321
 956 1322
 957 1323
 958 1324
 959 1326
 960 1329
 961 1330
 962 1331
 963 1332
 964 1335
 965 1336
 966 1338
 967 1339
 968 1341
 969 1342
 970 1343
 971 1344
 972 1345
 973 1347
 974 1348
 975 1350
 976 1353
 977 1354
 978 1356
 979 1357
 980 1359
 981 1362
 982 1365
 983 1366
 984 1367
 985 1368
 986 1369
 987 1370
 988 1371
 989 1372
 990 1373
 991 1374
 992 1377
 993 1378
 994 1380
 995 1384
 996 1386
 997 1389
 998 1392
 999 1395
1000 1398
1001 1399
1002 1401
1003 1402
1004 1404
1005 1407
1006 1408
1007 1409
1008 1410
1009 1411
1010 1413
1011 1416
1012 1419
1013 1420
1014 1422
1015 1423
1016 1424
1017 1425
1018 1428
1019 1429
1020 1431
1021 1434
1022 1435
1023 1436
1024 1437
1025 1438
1026 1439
1027 1440
1028 1443
1029 1444
1030 1445
1031 1447
1032 1449
1033 1450
1034 1452
1035 1454
1036 1455
1037 1458
1038 1459
1039 1461
1040 1463
1041 1464
1042 1465
1043 1467
1044 1470
1045 1471
1046 1472
1047 1473
1048 1475
1049 1476
1050 1477
1051 1478
1052 1479
1053 1480
1054 1481
1055 1482
1056 1483
1057 1485
1058 1486
1059 1487
1060 1488
1061 1489
1062 1490
1063 1491
1064 1497
1065 1498
1066 1499
1067 1500
1068 1503
1069 1504
1070 1505
1071 1506
1072 1509
1073 1512
1074 1513
1075 1515
1076 1518
1077 1521
1078 1522
1079 1524
1080 1525
1081 1527
1082 1530
1083 1533
1084 1536
1085 1539
1086 1542
1087 1543
1088 1545
1089 1546
1090 1547
1091 1548
1092 1550
1093 1551
1094 1554
1095 1556
1096 1558
1097 1559
1098 1560
1099 1561
1100 1563
1101 1564
1102 1565
1103 1566
1104 1569
1105 1571
1106 1572
1107 1575
1108 1579
1109 1581
1110 1582
1111 1583
1112 1584
1113 1585
1114 1586
1115 1587
1116 1588
1117 1589
1118 1590
1119 1593
1120 1594
1121 1595
1122 1596
1123 1599
1124 1603
1125 1606
1126 1607
1127 1608
1128 1609
1129 1610
1130 1611
1131 1612
1132 1614
1133 1615
1134 1617
1135 1618
1136 1619
1137 1620
1138 1621
1139 1623
1140 1626
1141 1627
1142 1628
1143 1629
1144 1632
1145 1634
1146 1635
1147 1636
1148 1638
1149 1639
1150 1641
1151 1642
1152 1644
1153 1645
1154 1647
1155 1648
1156 1649
1157 1650
1158 1651
1159 1652
1160 1653
1161 1654
1162 1655
1163 1656
1164 1657
1165 1659
1166 1660
1167 1661
1168 1662
1169 1665
1170 1666
1171 1668
1172 1669
1173 1670
1174 1671
1175 1674
1176 1676
1177 1677
1178 1679
1179 1680
1180 1681
1181 1683
1182 1684
1183 1685
1184 1686
1185 1687
1186 1689
1187 1690
1188 1691
1189 1692
1190 1693
1191 1694
1192 1695
1193 1696
1194 1698
1195 1699
1196 1700
1197 1701
1198 1702
1199 1703
1200 1704
1201 1705
1202 1706
1203 1707
1204 1708
1205 1709
1206 1710
1207 1711
1208 1712
1209 1713
1210 1714
1211 1716
1212 1718
1213 1719
1214 1721
1215 1722
1216 1723
1217 1725
1218 1726
1219 1727
1220 1728
1221 1729
1222 1731
1223 1735
1224 1736
1225 1737
1226 1738
1227 1739
1228 1740
1229 1741
1230 1742
1231 1743
1232 1746
1233 1749
1234 1750
1235 1751
1236 1752
1237 1753
1238 1754
1239 1755
1240 1756
1241 1757
1242 1758
1243 1761
1244 1763
1245 1764
1246 1767
1247 1770
1248 1773
1249 1775
1250 1776
1251 1777
1252 1778
1253 1779
1254 1780
1255 1781
1256 1782
1257 1785
1258 1786
1259 1793
1260 1794
1261 1795
1262 1797
1263 1798
1264 1799
1265 1800
1266 1805
1267 1820
1268 1821
